<?xml version="1.0" encoding="utf-8"?>
<COLLADA xmlns="http://www.collada.org/2005/11/COLLADASchema" version="1.4.0">
  <asset>
    <contributor>
      <author></author>
      <authoring_tool>FBX COLLADA exporter</authoring_tool>
      <comments></comments>
    </contributor>
    <created>2017-07-11T09:51:31Z</created>
    <modified>2017-07-11T09:51:31Z</modified>
    <revision></revision>
    <title></title>
    <subject></subject>
    <keywords></keywords>
    <unit meter="1.000000"/>
    <up_axis>Y_UP</up_axis>
  </asset>
  <library_images>
    <image id="Map__9-image" name="Map__9">
      <init_from>file://F:\NOVA1492\Nova_work\Iv_exp\Iv_exp_red.BMP</init_from>
    </image>
  </library_images>
  <library_materials>
    <material id="Iv_exp_red" name="Iv_exp_red">
      <instance_effect url="#Iv_exp_red-fx"/>
    </material>
  </library_materials>
  <library_effects>
    <effect id="Iv_exp_red-fx" name="Iv_exp_red">
      <profile_COMMON>
        <technique sid="standard">
          <phong>
            <emission>
              <color sid="emission">0.000000  0.000000 0.000000 1.000000</color>
            </emission>
            <ambient>
              <color sid="ambient">0.588235  0.588235 0.588235 1.000000</color>
            </ambient>
            <diffuse>
              <texture texture="Map__9-image" texcoord="CHANNEL0">
                <extra>
                  <technique profile="MAYA">
                    <wrapU sid="wrapU0">TRUE</wrapU>
                    <wrapV sid="wrapV0">TRUE</wrapV>
                    <blend_mode>ADD</blend_mode>
                  </technique>
                </extra>
              </texture>
            </diffuse>
            <specular>
              <color sid="specular">0.000000  0.000000 0.000000 1.000000</color>
            </specular>
            <shininess>
              <float sid="shininess">2.000000</float>
            </shininess>
            <reflective>
              <color sid="reflective">0.000000  0.000000 0.000000 1.000000</color>
            </reflective>
            <reflectivity>
              <float sid="reflectivity">1.000000</float>
            </reflectivity>
            <transparent>
              <color sid="transparent">1.000000  1.000000 1.000000 1.000000</color>
            </transparent>
            <transparency>
              <float sid="transparency">0.000000</float>
            </transparency>
          </phong>
        </technique>
      </profile_COMMON>
    </effect>
  </library_effects>
  <library_geometries>
    <geometry id="Iv_exp-lib" name="Iv_expMesh">
      <mesh>
        <source id="Iv_exp-lib-Position">
          <float_array id="Iv_exp-lib-Position-array" count="72">
0.095550 0.695760 -0.286650
0.095550 -0.654903 -0.286650
0.028687 0.762624 0.286650
0.095550 -0.654903 0.286650
-0.095550 0.738409 -0.286650
-0.095550 -0.639402 -0.286650
-0.071336 0.762624 0.286650
-0.067942 -0.667010 0.286650
-0.028421 -0.667010 -0.286650
-0.028421 -0.667010 0.286650
-0.044089 -0.667010 -0.286650
-0.044089 -0.667010 0.286650
-0.044089 -0.762624 -0.286650
-0.028421 -0.762624 -0.286650
-0.028421 -0.762624 0.286650
-0.044090 -0.762624 0.286650
0.028687 0.762624 -0.286650
0.095550 0.695760 0.286650
-0.071336 0.762624 -0.286650
-0.095550 0.738409 0.286650
-0.067942 -0.667010 -0.286650
-0.095550 -0.639402 0.286650
0.083443 -0.667010 -0.286650
0.083443 -0.667010 0.286650
</float_array>
          <technique_common>
            <accessor source="#Iv_exp-lib-Position-array" count="24" stride="3">
              <param name="X" type="float"/>
              <param name="Y" type="float"/>
              <param name="Z" type="float"/>
            </accessor>
          </technique_common>
        </source>
        <source id="Iv_exp-lib-Normal0">
          <float_array id="Iv_exp-lib-Normal0-array" count="396">
1.000000 -0.000000 0.000000
1.000000 -0.000000 0.000000
1.000000 -0.000000 0.000000
1.000000 -0.000000 0.000000
1.000000 -0.000000 0.000000
1.000000 -0.000000 0.000000
-1.000000 0.000000 -0.000000
-1.000000 0.000000 -0.000000
-1.000000 0.000000 -0.000000
-1.000000 0.000000 -0.000000
-1.000000 0.000000 -0.000000
-1.000000 0.000000 -0.000000
0.000000 0.000000 -1.000000
0.000000 0.000000 -1.000000
0.000000 0.000000 -1.000000
0.000000 0.000000 -1.000000
0.000000 0.000000 -1.000000
0.000000 0.000000 -1.000000
0.000000 0.000000 -1.000000
0.000000 0.000000 -1.000000
0.000000 0.000000 -1.000000
0.000000 0.000000 -1.000000
0.000000 0.000000 -1.000000
0.000000 0.000000 -1.000000
0.000000 0.000000 -1.000000
0.000000 0.000000 -1.000000
0.000000 0.000000 -1.000000
0.000000 0.000000 -1.000000
0.000000 0.000000 -1.000000
0.000000 0.000000 -1.000000
0.000000 0.000000 -1.000000
0.000000 0.000000 -1.000000
0.000000 0.000000 -1.000000
0.000000 0.000000 -1.000000
0.000000 0.000000 -1.000000
0.000000 0.000000 -1.000000
0.000000 -1.000000 0.000000
0.000000 -1.000000 0.000000
0.000000 -1.000000 0.000000
0.000000 -1.000000 0.000000
0.000000 -1.000000 0.000000
0.000000 -1.000000 0.000000
0.000000 0.000000 1.000000
0.000000 0.000000 1.000000
0.000000 0.000000 1.000000
0.000000 0.000000 1.000000
0.000000 0.000000 1.000000
0.000000 0.000000 1.000000
0.000000 0.000000 1.000000
0.000000 0.000000 1.000000
0.000000 0.000000 1.000000
0.000000 0.000000 1.000000
0.000000 0.000000 1.000000
0.000000 0.000000 1.000000
0.000000 0.000000 1.000000
0.000000 0.000000 1.000000
0.000000 0.000000 1.000000
0.000000 0.000000 1.000000
0.000000 0.000000 1.000000
0.000000 0.000000 1.000000
0.000000 0.000000 1.000000
0.000000 0.000000 1.000000
0.000000 0.000000 1.000000
0.000000 0.000000 1.000000
0.000000 0.000000 1.000000
0.000000 0.000000 1.000000
0.000000 1.000000 0.000000
0.000000 1.000000 0.000000
0.000000 1.000000 0.000000
0.000000 1.000000 0.000000
0.000000 1.000000 0.000000
0.000000 1.000000 0.000000
0.000000 -1.000000 0.000000
0.000000 -1.000000 0.000000
0.000000 -1.000000 0.000000
0.000000 -1.000000 0.000000
0.000000 -1.000000 0.000000
0.000000 -1.000000 0.000000
0.000000 -1.000000 0.000000
0.000000 -1.000000 0.000000
0.000000 -1.000000 0.000000
0.000000 -1.000000 0.000000
0.000000 -1.000000 0.000000
0.000000 -1.000000 0.000000
0.000000 0.000000 -1.000000
0.000000 0.000000 -1.000000
0.000000 0.000000 -1.000000
0.000000 0.000000 -1.000000
0.000000 0.000000 -1.000000
0.000000 0.000000 -1.000000
1.000000 -0.000000 0.000000
1.000000 -0.000000 0.000000
1.000000 -0.000000 0.000000
1.000000 -0.000000 0.000000
1.000000 -0.000000 0.000000
1.000000 -0.000000 0.000000
0.000000 0.000000 1.000000
0.000000 0.000000 1.000000
0.000000 0.000000 1.000000
0.000000 0.000000 1.000000
0.000000 0.000000 1.000000
0.000000 0.000000 1.000000
-1.000000 0.000001 -0.000000
-1.000000 0.000001 -0.000000
-1.000000 0.000001 -0.000000
-1.000000 0.000001 -0.000000
-1.000000 0.000001 -0.000000
-1.000000 0.000001 -0.000000
0.707108 0.707106 0.000000
0.707108 0.707106 0.000000
0.707108 0.707106 0.000000
0.707108 0.707106 0.000000
0.707108 0.707106 0.000000
0.707108 0.707106 0.000000
-0.707108 0.707106 -0.000000
-0.707108 0.707106 -0.000000
-0.707108 0.707106 -0.000000
-0.707108 0.707106 -0.000000
-0.707108 0.707106 -0.000000
-0.707108 0.707106 -0.000000
-0.707108 -0.707106 -0.000000
-0.707108 -0.707106 -0.000000
-0.707108 -0.707106 -0.000000
-0.707108 -0.707106 -0.000000
-0.707108 -0.707106 -0.000000
-0.707108 -0.707106 -0.000000
0.707109 -0.707105 0.000000
0.707109 -0.707105 0.000000
0.707109 -0.707105 0.000000
0.707109 -0.707105 0.000000
0.707109 -0.707105 0.000000
0.707109 -0.707105 0.000000
</float_array>
          <technique_common>
            <accessor source="#Iv_exp-lib-Normal0-array" count="132" stride="3">
              <param name="X" type="float"/>
              <param name="Y" type="float"/>
              <param name="Z" type="float"/>
            </accessor>
          </technique_common>
        </source>
        <source id="Iv_exp-lib-UV0">
          <float_array id="Iv_exp-lib-UV0-array" count="120">
0.742723 0.341055
0.742723 0.645025
0.026586 0.645025
0.026586 0.341055
0.029473 0.010620
0.760004 0.010620
0.760004 0.314590
0.029473 0.314590
0.819787 0.736869
0.784337 0.772322
0.068200 0.772346
0.061780 0.765927
0.314590 0.983483
0.010620 0.983483
0.793352 0.314590
0.780705 0.314590
0.063063 0.892831
0.069483 0.899250
0.785619 0.899227
0.821070 0.863774
0.846384 0.314590
0.846384 0.010620
0.011316 0.010620
0.011316 0.314590
0.061776 0.706614
0.983840 0.983449
0.679870 0.983449
0.821068 0.810741
0.061780 0.698307
0.780705 0.010620
0.793352 0.010620
0.808229 0.797903
0.645026 0.983449
0.679870 0.932753
0.983840 0.932753
0.341055 0.983449
0.061778 0.685661
0.077699 0.797926
0.017508 0.341055
0.017508 0.645025
0.076416 0.671022
0.063061 0.812565
0.806947 0.670998
0.063063 0.825211
0.819786 0.683837
0.063058 0.833518
0.010620 0.924172
0.314590 0.924172
0.012369 0.825155
0.012360 0.833462
0.011078 0.706558
0.011087 0.698251
0.679870 0.924445
0.983840 0.924445
0.341055 0.932753
0.645026 0.932753
0.790306 0.645025
0.790306 0.341055
0.793352 0.010620
0.793352 0.314590
</float_array>
          <technique_common>
            <accessor source="#Iv_exp-lib-UV0-array" count="60" stride="2">
              <param name="S" type="float"/>
              <param name="T" type="float"/>
            </accessor>
          </technique_common>
        </source>
        <vertices id="Iv_exp-lib-Vertex">
          <input semantic="POSITION" source="#Iv_exp-lib-Position"/>
        </vertices>
        <polygons material="Iv_exp_red" count="44">
          <input semantic="VERTEX" offset="0" source="#Iv_exp-lib-Vertex"/>
          <input semantic="NORMAL" offset="1" source="#Iv_exp-lib-Normal0"/>
          <input semantic="TEXCOORD" offset="2" set="0" source="#Iv_exp-lib-UV0"/>
          <p>0 0 0 17 1 1 3 2 2</p>
          <p>3 3 2 1 4 3 0 5 0</p>
          <p>4 6 4 5 7 5 21 8 6</p>
          <p>21 9 6 19 10 7 4 11 4</p>
          <p>16 12 8 0 13 9 1 14 10</p>
          <p>1 15 10 22 16 11 16 17 8</p>
          <p>16 18 8 22 19 11 18 20 44</p>
          <p>22 21 11 8 22 24 18 23 44</p>
          <p>18 24 44 8 25 24 4 26 42</p>
          <p>8 27 24 10 28 28 4 29 42</p>
          <p>4 30 42 10 31 28 5 32 40</p>
          <p>10 33 28 20 34 36 5 35 40</p>
          <p>22 36 12 23 37 13 9 38 46</p>
          <p>9 39 46 8 40 47 22 41 12</p>
          <p>23 42 16 3 43 17 17 44 18</p>
          <p>17 45 18 2 46 19 23 47 16</p>
          <p>23 48 16 2 49 19 9 50 45</p>
          <p>2 51 19 6 52 27 9 53 45</p>
          <p>9 54 45 6 55 27 11 56 43</p>
          <p>6 57 27 19 58 31 11 59 43</p>
          <p>11 60 43 19 61 31 7 62 41</p>
          <p>19 63 31 21 64 37 7 65 41</p>
          <p>2 66 20 16 67 21 18 68 58</p>
          <p>18 69 58 6 70 59 2 71 20</p>
          <p>14 72 33 15 73 52 12 74 53</p>
          <p>12 75 53 13 76 34 14 77 33</p>
          <p>11 78 14 7 79 15 20 80 29</p>
          <p>20 81 29 10 82 30 11 83 14</p>
          <p>10 84 28 8 85 24 13 86 50</p>
          <p>13 87 50 12 88 51 10 89 28</p>
          <p>8 90 25 9 91 26 14 92 33</p>
          <p>14 93 33 13 94 34 8 95 25</p>
          <p>9 96 45 11 97 43 15 98 48</p>
          <p>15 99 48 14 100 49 9 101 45</p>
          <p>11 102 32 10 103 35 12 104 54</p>
          <p>12 105 54 15 106 55 11 107 32</p>
          <p>0 108 0 16 109 57 2 110 56</p>
          <p>2 111 56 17 112 1 0 113 0</p>
          <p>19 114 7 6 115 23 18 116 22</p>
          <p>18 117 22 4 118 4 19 119 7</p>
          <p>5 120 5 20 121 29 7 122 15</p>
          <p>7 123 15 21 124 6 5 125 5</p>
          <p>3 126 2 23 127 39 22 128 38</p>
          <p>22 129 38 1 130 3 3 131 2</p>
        </polygons>
      </mesh>
    </geometry>
  </library_geometries>
  <library_animations>
    <animation id="Iv_exp-anim" name="Iv_exp">
      <animation>
        <source id="Iv_exp-Matrix-animation-input">
          <float_array id="Iv_exp-Matrix-animation-input-array" count="101">

0.000000 0.033333 0.066667 0.100000 0.133333 0.166667 0.200000 0.233333 0.266667 0.300000 0.333333 0.366667 0.400000 0.433333 0.466667 0.500000
0.533333 0.566667 0.600000 0.633333 0.666667 0.700000 0.733333 0.766667 0.800000 0.833333 0.866667 0.900000 0.933333 0.966667 1.000000 1.033333
1.066667 1.100000 1.133333 1.166667 1.200000 1.233333 1.266667 1.300000 1.333333 1.366667 1.400000 1.433333 1.466667 1.500000 1.533333 1.566667
1.600000 1.633333 1.666667 1.700000 1.733333 1.766667 1.800000 1.833333 1.866667 1.900000 1.933333 1.966667 2.000000 2.033333 2.066667 2.100000
2.133333 2.166667 2.200000 2.233333 2.266667 2.300000 2.333333 2.366667 2.400000 2.433333 2.466667 2.500000 2.533333 2.566667 2.600000 2.633333
2.666667 2.700000 2.733333 2.766667 2.800000 2.833333 2.866667 2.900000 2.933333 2.966667 3.000000 3.033333 3.066667 3.100000 3.133333 3.166667
3.200000 3.233333 3.266667 3.300000 3.333333</float_array>
          <technique_common>
            <accessor source="#Iv_exp-Matrix-animation-input-array" count="101">
              <param name="TIME" type="float"/>
            </accessor>
          </technique_common>
        </source>
        <source id="Iv_exp-Matrix-animation-output-transform">
          <float_array id="Iv_exp-Matrix-animation-output-transform-array" count="1616">

1.000000 0.000000 0.000000 -0.095550 0.000000 0.000000 1.000000 0.286650 0.000000 -1.000000 0.000000 0.001840 0.000000 0.000000 0.000000 1.000000
0.998027 -0.062791 -0.000000 -0.095550 0.000000 0.000000 1.000000 0.286650 -0.062791 -0.998027 0.000000 0.001840 0.000000 0.000000 0.000000 1.000000
0.992115 -0.125333 -0.000000 -0.095550 0.000000 0.000000 1.000000 0.286650 -0.125333 -0.992115 0.000000 0.001840 0.000000 0.000000 0.000000 1.000000
0.982287 -0.187381 -0.000000 -0.095550 0.000000 0.000000 1.000000 0.286650 -0.187381 -0.982287 0.000000 0.001840 0.000000 0.000000 0.000000 1.000000
0.968583 -0.248690 -0.000000 -0.095550 0.000000 0.000000 1.000000 0.286650 -0.248690 -0.968583 0.000000 0.001840 0.000000 0.000000 0.000000 1.000000
0.951057 -0.309017 -0.000000 -0.095550 0.000000 0.000000 1.000000 0.286650 -0.309017 -0.951057 0.000000 0.001840 0.000000 0.000000 0.000000 1.000000
0.929776 -0.368125 -0.000000 -0.095550 0.000000 0.000000 1.000000 0.286650 -0.368125 -0.929776 0.000000 0.001840 0.000000 0.000000 0.000000 1.000000
0.904827 -0.425779 -0.000000 -0.095550 0.000000 0.000000 1.000000 0.286650 -0.425779 -0.904827 0.000000 0.001840 0.000000 0.000000 0.000000 1.000000
0.876307 -0.481754 -0.000000 -0.095550 0.000000 -0.000000 1.000000 0.286650 -0.481754 -0.876307 0.000000 0.001840 0.000000 0.000000 0.000000 1.000000
0.844328 -0.535827 -0.000000 -0.095550 0.000000 -0.000000 1.000000 0.286650 -0.535827 -0.844328 0.000000 0.001840 0.000000 0.000000 0.000000 1.000000
0.809017 -0.587785 -0.000000 -0.095550 0.000000 -0.000000 1.000000 0.286650 -0.587785 -0.809017 0.000000 0.001840 0.000000 0.000000 0.000000 1.000000
0.770513 -0.637424 -0.000000 -0.095550 0.000000 -0.000000 1.000000 0.286650 -0.637424 -0.770513 0.000000 0.001840 0.000000 0.000000 0.000000 1.000000
0.728969 -0.684547 -0.000000 -0.095550 0.000000 -0.000000 1.000000 0.286650 -0.684547 -0.728969 0.000000 0.001840 0.000000 0.000000 0.000000 1.000000
0.684547 -0.728969 -0.000000 -0.095550 0.000000 -0.000000 1.000000 0.286650 -0.728969 -0.684547 0.000000 0.001840 0.000000 0.000000 0.000000 1.000000
0.637424 -0.770513 -0.000000 -0.095550 0.000000 -0.000000 1.000000 0.286650 -0.770513 -0.637424 0.000000 0.001840 0.000000 0.000000 0.000000 1.000000
0.587785 -0.809017 -0.000000 -0.095550 0.000000 -0.000000 1.000000 0.286650 -0.809017 -0.587785 0.000000 0.001840 0.000000 0.000000 0.000000 1.000000
0.535827 -0.844328 -0.000000 -0.095550 0.000000 -0.000000 1.000000 0.286650 -0.844328 -0.535827 0.000000 0.001840 0.000000 0.000000 0.000000 1.000000
0.481754 -0.876307 -0.000000 -0.095550 0.000000 -0.000000 1.000000 0.286650 -0.876307 -0.481754 0.000000 0.001840 0.000000 0.000000 0.000000 1.000000
0.425779 -0.904827 -0.000000 -0.095550 0.000000 -0.000000 1.000000 0.286650 -0.904827 -0.425779 0.000000 0.001840 0.000000 0.000000 0.000000 1.000000
0.368125 -0.929776 -0.000000 -0.095550 0.000000 -0.000000 1.000000 0.286650 -0.929776 -0.368125 0.000000 0.001840 0.000000 0.000000 0.000000 1.000000
0.309017 -0.951057 -0.000000 -0.095550 0.000000 -0.000000 1.000000 0.286650 -0.951057 -0.309017 0.000000 0.001840 0.000000 0.000000 0.000000 1.000000
0.248690 -0.968583 -0.000000 -0.095550 0.000000 -0.000000 1.000000 0.286650 -0.968583 -0.248690 0.000000 0.001840 0.000000 0.000000 0.000000 1.000000
0.187381 -0.982287 -0.000000 -0.095550 0.000000 -0.000000 1.000000 0.286650 -0.982287 -0.187381 0.000000 0.001840 0.000000 0.000000 0.000000 1.000000
0.125333 -0.992115 -0.000000 -0.095550 0.000000 -0.000000 1.000000 0.286650 -0.992115 -0.125333 0.000000 0.001840 0.000000 0.000000 0.000000 1.000000
0.062790 -0.998027 -0.000000 -0.095550 0.000000 -0.000000 1.000000 0.286650 -0.998027 -0.062790 0.000000 0.001840 0.000000 0.000000 0.000000 1.000000
0.000000 -1.000000 -0.000000 -0.095550 0.000000 -0.000000 1.000000 0.286650 -1.000000 -0.000000 -0.000000 0.001840 0.000000 0.000000 0.000000 1.000000
-0.062790 -0.998027 0.000000 -0.095550 -0.000000 0.000000 1.000000 0.286650 -0.998027 0.062790 -0.000000 0.001840 0.000000 0.000000 0.000000 1.000000
-0.125333 -0.992115 0.000000 -0.095550 -0.000000 0.000000 1.000000 0.286650 -0.992115 0.125333 -0.000000 0.001840 0.000000 0.000000 0.000000 1.000000
-0.187381 -0.982287 0.000000 -0.095550 -0.000000 0.000000 1.000000 0.286650 -0.982287 0.187381 -0.000000 0.001840 0.000000 0.000000 0.000000 1.000000
-0.248690 -0.968583 0.000000 -0.095550 -0.000000 0.000000 1.000000 0.286650 -0.968583 0.248690 -0.000000 0.001840 0.000000 0.000000 0.000000 1.000000
-0.309017 -0.951057 0.000000 -0.095550 -0.000000 0.000000 1.000000 0.286650 -0.951057 0.309017 -0.000000 0.001840 0.000000 0.000000 0.000000 1.000000
-0.368125 -0.929776 0.000000 -0.095550 -0.000000 0.000000 1.000000 0.286650 -0.929776 0.368125 -0.000000 0.001840 0.000000 0.000000 0.000000 1.000000
-0.425779 -0.904827 0.000000 -0.095550 -0.000000 0.000000 1.000000 0.286650 -0.904827 0.425779 -0.000000 0.001840 0.000000 0.000000 0.000000 1.000000
-0.481754 -0.876307 0.000000 -0.095550 -0.000000 0.000000 1.000000 0.286650 -0.876307 0.481754 -0.000000 0.001840 0.000000 0.000000 0.000000 1.000000
-0.535827 -0.844328 0.000000 -0.095550 -0.000000 0.000000 1.000000 0.286650 -0.844328 0.535827 -0.000000 0.001840 0.000000 0.000000 0.000000 1.000000
-0.587785 -0.809017 0.000000 -0.095550 -0.000000 0.000000 1.000000 0.286650 -0.809017 0.587785 -0.000000 0.001840 0.000000 0.000000 0.000000 1.000000
-0.637424 -0.770513 0.000000 -0.095550 -0.000000 0.000000 1.000000 0.286650 -0.770513 0.637424 -0.000000 0.001840 0.000000 0.000000 0.000000 1.000000
-0.684547 -0.728969 -0.000000 -0.095550 -0.000000 0.000000 1.000000 0.286650 -0.728969 0.684547 -0.000000 0.001840 0.000000 0.000000 0.000000 1.000000
-0.728969 -0.684547 -0.000000 -0.095550 -0.000000 0.000000 1.000000 0.286650 -0.684547 0.728969 -0.000000 0.001840 0.000000 0.000000 0.000000 1.000000
-0.770513 -0.637424 -0.000000 -0.095550 -0.000000 0.000000 1.000000 0.286650 -0.637424 0.770513 -0.000000 0.001840 0.000000 0.000000 0.000000 1.000000
-0.809017 -0.587785 -0.000000 -0.095550 -0.000000 0.000000 1.000000 0.286650 -0.587785 0.809017 -0.000000 0.001840 0.000000 0.000000 0.000000 1.000000
-0.844328 -0.535827 -0.000000 -0.095550 -0.000000 0.000000 1.000000 0.286650 -0.535827 0.844328 -0.000000 0.001840 0.000000 0.000000 0.000000 1.000000
-0.876307 -0.481754 -0.000000 -0.095550 -0.000000 0.000000 1.000000 0.286650 -0.481754 0.876307 -0.000000 0.001840 0.000000 0.000000 0.000000 1.000000
-0.904827 -0.425779 -0.000000 -0.095550 -0.000000 0.000000 1.000000 0.286650 -0.425779 0.904827 -0.000000 0.001840 0.000000 0.000000 0.000000 1.000000
-0.929776 -0.368125 -0.000000 -0.095550 -0.000000 0.000000 1.000000 0.286650 -0.368125 0.929776 -0.000000 0.001840 0.000000 0.000000 0.000000 1.000000
-0.951057 -0.309017 -0.000000 -0.095550 -0.000000 0.000000 1.000000 0.286650 -0.309017 0.951057 -0.000000 0.001840 0.000000 0.000000 0.000000 1.000000
-0.968583 -0.248690 -0.000000 -0.095550 -0.000000 0.000000 1.000000 0.286650 -0.248690 0.968583 -0.000000 0.001840 0.000000 0.000000 0.000000 1.000000
-0.982287 -0.187381 -0.000000 -0.095550 -0.000000 0.000000 1.000000 0.286650 -0.187381 0.982287 -0.000000 0.001840 0.000000 0.000000 0.000000 1.000000
-0.992115 -0.125333 -0.000000 -0.095550 -0.000000 0.000000 1.000000 0.286650 -0.125333 0.992115 -0.000000 0.001840 0.000000 0.000000 0.000000 1.000000
-0.998027 -0.062791 -0.000000 -0.095550 -0.000000 0.000000 1.000000 0.286650 -0.062791 0.998027 -0.000000 0.001840 0.000000 0.000000 0.000000 1.000000
-1.000000 -0.000000 -0.000000 -0.095550 -0.000000 0.000000 1.000000 0.286650 -0.000000 1.000000 -0.000000 0.001840 0.000000 0.000000 0.000000 1.000000
-0.998027 0.062791 -0.000000 -0.095550 -0.000000 0.000000 1.000000 0.286650 0.062791 0.998027 -0.000000 0.001840 0.000000 0.000000 0.000000 1.000000
-0.992115 0.125333 -0.000000 -0.095550 -0.000000 0.000000 1.000000 0.286650 0.125333 0.992115 -0.000000 0.001840 0.000000 0.000000 0.000000 1.000000
-0.982287 0.187381 -0.000000 -0.095550 -0.000000 0.000000 1.000000 0.286650 0.187381 0.982287 -0.000000 0.001840 0.000000 0.000000 0.000000 1.000000
-0.968583 0.248690 -0.000000 -0.095550 -0.000000 0.000000 1.000000 0.286650 0.248690 0.968583 -0.000000 0.001840 0.000000 0.000000 0.000000 1.000000
-0.951057 0.309017 -0.000000 -0.095550 -0.000000 0.000000 1.000000 0.286650 0.309017 0.951057 -0.000000 0.001840 0.000000 0.000000 0.000000 1.000000
-0.929776 0.368125 -0.000000 -0.095550 -0.000000 0.000000 1.000000 0.286650 0.368125 0.929776 -0.000000 0.001840 0.000000 0.000000 0.000000 1.000000
-0.904827 0.425779 -0.000000 -0.095550 -0.000000 0.000000 1.000000 0.286650 0.425779 0.904827 -0.000000 0.001840 0.000000 0.000000 0.000000 1.000000
-0.876307 0.481754 -0.000000 -0.095550 -0.000000 0.000000 1.000000 0.286650 0.481754 0.876307 -0.000000 0.001840 0.000000 0.000000 0.000000 1.000000
-0.844328 0.535827 -0.000000 -0.095550 -0.000000 0.000000 1.000000 0.286650 0.535827 0.844328 -0.000000 0.001840 0.000000 0.000000 0.000000 1.000000
-0.809017 0.587785 -0.000000 -0.095550 -0.000000 0.000000 1.000000 0.286650 0.587785 0.809017 -0.000000 0.001840 0.000000 0.000000 0.000000 1.000000
-0.770513 0.637424 -0.000000 -0.095550 -0.000000 0.000000 1.000000 0.286650 0.637424 0.770513 -0.000000 0.001840 0.000000 0.000000 0.000000 1.000000
-0.728969 0.684547 -0.000000 -0.095550 -0.000000 0.000000 1.000000 0.286650 0.684547 0.728969 -0.000000 0.001840 0.000000 0.000000 0.000000 1.000000
-0.684547 0.728969 -0.000000 -0.095550 -0.000000 0.000000 1.000000 0.286650 0.728969 0.684547 -0.000000 0.001840 0.000000 0.000000 0.000000 1.000000
-0.637424 0.770513 -0.000000 -0.095550 -0.000000 0.000000 1.000000 0.286650 0.770513 0.637424 -0.000000 0.001840 0.000000 0.000000 0.000000 1.000000
-0.587785 0.809017 -0.000000 -0.095550 -0.000000 0.000000 1.000000 0.286650 0.809017 0.587785 -0.000000 0.001840 0.000000 0.000000 0.000000 1.000000
-0.535827 0.844328 -0.000000 -0.095550 -0.000000 0.000000 1.000000 0.286650 0.844328 0.535827 -0.000000 0.001840 0.000000 0.000000 0.000000 1.000000
-0.481754 0.876307 -0.000000 -0.095550 -0.000000 0.000000 1.000000 0.286650 0.876307 0.481754 -0.000000 0.001840 0.000000 0.000000 0.000000 1.000000
-0.425779 0.904827 -0.000000 -0.095550 -0.000000 0.000000 1.000000 0.286650 0.904827 0.425779 -0.000000 0.001840 0.000000 0.000000 0.000000 1.000000
-0.368125 0.929776 -0.000000 -0.095550 -0.000000 0.000000 1.000000 0.286650 0.929776 0.368125 -0.000000 0.001840 0.000000 0.000000 0.000000 1.000000
-0.309017 0.951057 -0.000000 -0.095550 -0.000000 0.000000 1.000000 0.286650 0.951057 0.309017 -0.000000 0.001840 0.000000 0.000000 0.000000 1.000000
-0.248690 0.968583 -0.000000 -0.095550 -0.000000 0.000000 1.000000 0.286650 0.968583 0.248690 -0.000000 0.001840 0.000000 0.000000 0.000000 1.000000
-0.187381 0.982287 -0.000000 -0.095550 -0.000000 0.000000 1.000000 0.286650 0.982287 0.187381 -0.000000 0.001840 0.000000 0.000000 0.000000 1.000000
-0.125333 0.992115 -0.000000 -0.095550 -0.000000 0.000000 1.000000 0.286650 0.992115 0.125333 -0.000000 0.001840 0.000000 0.000000 0.000000 1.000000
-0.062791 0.998027 -0.000000 -0.095550 -0.000000 0.000000 1.000000 0.286650 0.998027 0.062791 -0.000000 0.001840 0.000000 0.000000 0.000000 1.000000
0.000000 1.000000 -0.000000 -0.095550 0.000000 0.000000 1.000000 0.286650 1.000000 -0.000000 0.000000 0.001840 0.000000 0.000000 0.000000 1.000000
0.062791 0.998027 0.000000 -0.095550 -0.000000 -0.000000 1.000000 0.286650 0.998027 -0.062791 0.000000 0.001840 0.000000 0.000000 0.000000 1.000000
0.125333 0.992115 0.000000 -0.095550 -0.000000 -0.000000 1.000000 0.286650 0.992115 -0.125333 0.000000 0.001840 0.000000 0.000000 0.000000 1.000000
0.187381 0.982287 0.000000 -0.095550 -0.000000 -0.000000 1.000000 0.286650 0.982287 -0.187381 0.000000 0.001840 0.000000 0.000000 0.000000 1.000000
0.248690 0.968583 0.000000 -0.095550 -0.000000 -0.000000 1.000000 0.286650 0.968583 -0.248690 0.000000 0.001840 0.000000 0.000000 0.000000 1.000000
0.309017 0.951057 0.000000 -0.095550 -0.000000 -0.000000 1.000000 0.286650 0.951057 -0.309017 0.000000 0.001840 0.000000 0.000000 0.000000 1.000000
0.368125 0.929776 0.000000 -0.095550 -0.000000 -0.000000 1.000000 0.286650 0.929776 -0.368125 0.000000 0.001840 0.000000 0.000000 0.000000 1.000000
0.425779 0.904827 0.000000 -0.095550 -0.000000 -0.000000 1.000000 0.286650 0.904827 -0.425779 0.000000 0.001840 0.000000 0.000000 0.000000 1.000000
0.481753 0.876307 0.000000 -0.095550 -0.000000 -0.000000 1.000000 0.286650 0.876307 -0.481753 0.000000 0.001840 0.000000 0.000000 0.000000 1.000000
0.535827 0.844328 0.000000 -0.095550 -0.000000 -0.000000 1.000000 0.286650 0.844328 -0.535827 0.000000 0.001840 0.000000 0.000000 0.000000 1.000000
0.587785 0.809017 0.000000 -0.095550 -0.000000 -0.000000 1.000000 0.286650 0.809017 -0.587785 0.000000 0.001840 0.000000 0.000000 0.000000 1.000000
0.637424 0.770513 0.000000 -0.095550 -0.000000 -0.000000 1.000000 0.286650 0.770513 -0.637424 0.000000 0.001840 0.000000 0.000000 0.000000 1.000000
0.684547 0.728968 0.000000 -0.095550 -0.000000 -0.000000 1.000000 0.286650 0.728968 -0.684547 0.000000 0.001840 0.000000 0.000000 0.000000 1.000000
0.728968 0.684547 0.000000 -0.095550 -0.000000 -0.000000 1.000000 0.286650 0.684547 -0.728968 0.000000 0.001840 0.000000 0.000000 0.000000 1.000000
0.770513 0.637424 0.000000 -0.095550 -0.000000 -0.000000 1.000000 0.286650 0.637424 -0.770513 0.000000 0.001840 0.000000 0.000000 0.000000 1.000000
0.809017 0.587785 0.000000 -0.095550 -0.000000 -0.000000 1.000000 0.286650 0.587785 -0.809017 0.000000 0.001840 0.000000 0.000000 0.000000 1.000000
0.844328 0.535827 0.000000 -0.095550 -0.000000 -0.000000 1.000000 0.286650 0.535827 -0.844328 0.000000 0.001840 0.000000 0.000000 0.000000 1.000000
0.876307 0.481753 0.000000 -0.095550 -0.000000 -0.000000 1.000000 0.286650 0.481753 -0.876307 0.000000 0.001840 0.000000 0.000000 0.000000 1.000000
0.904827 0.425779 0.000000 -0.095550 -0.000000 0.000000 1.000000 0.286650 0.425779 -0.904827 0.000000 0.001840 0.000000 0.000000 0.000000 1.000000
0.929776 0.368125 0.000000 -0.095550 -0.000000 0.000000 1.000000 0.286650 0.368125 -0.929776 0.000000 0.001840 0.000000 0.000000 0.000000 1.000000
0.951057 0.309017 0.000000 -0.095550 -0.000000 0.000000 1.000000 0.286650 0.309017 -0.951057 0.000000 0.001840 0.000000 0.000000 0.000000 1.000000
0.968583 0.248690 0.000000 -0.095550 -0.000000 0.000000 1.000000 0.286650 0.248690 -0.968583 0.000000 0.001840 0.000000 0.000000 0.000000 1.000000
0.982287 0.187381 0.000000 -0.095550 -0.000000 0.000000 1.000000 0.286650 0.187381 -0.982287 0.000000 0.001840 0.000000 0.000000 0.000000 1.000000
0.992115 0.125333 0.000000 -0.095550 -0.000000 0.000000 1.000000 0.286650 0.125333 -0.992115 0.000000 0.001840 0.000000 0.000000 0.000000 1.000000
0.998027 0.062791 0.000000 -0.095550 -0.000000 0.000000 1.000000 0.286650 0.062791 -0.998027 0.000000 0.001840 0.000000 0.000000 0.000000 1.000000
1.000000 0.000000 0.000000 -0.095550 -0.000000 0.000000 1.000000 0.286650 0.000000 -1.000000 0.000000 0.001840 0.000000 0.000000 0.000000 1.000000</float_array>
          <technique_common>
            <accessor source="#Iv_exp-Matrix-animation-output-transform-array" count="101" stride="16">
              <param type="float4x4"/>
            </accessor>
          </technique_common>
        </source>
        <source id="Iv_exp-Interpolations">
          <Name_array id="Iv_exp-Interpolations-array" count="101">
 LINEAR LINEAR LINEAR LINEAR LINEAR LINEAR LINEAR LINEAR LINEAR LINEAR LINEAR
LINEAR LINEAR LINEAR LINEAR LINEAR LINEAR LINEAR LINEAR LINEAR LINEAR LINEAR LINEAR
LINEAR LINEAR LINEAR LINEAR LINEAR LINEAR LINEAR LINEAR LINEAR LINEAR LINEAR LINEAR
LINEAR LINEAR LINEAR LINEAR LINEAR LINEAR LINEAR LINEAR LINEAR LINEAR LINEAR LINEAR
LINEAR LINEAR LINEAR LINEAR LINEAR LINEAR LINEAR LINEAR LINEAR LINEAR LINEAR LINEAR
LINEAR LINEAR LINEAR LINEAR LINEAR LINEAR LINEAR LINEAR LINEAR LINEAR LINEAR LINEAR
LINEAR LINEAR LINEAR LINEAR LINEAR LINEAR LINEAR LINEAR LINEAR LINEAR LINEAR LINEAR
LINEAR LINEAR LINEAR LINEAR LINEAR LINEAR LINEAR LINEAR LINEAR LINEAR LINEAR LINEAR
LINEAR LINEAR LINEAR LINEAR LINEAR LINEAR</Name_array>
          <technique_common>
            <accessor source="#Iv_exp-Interpolations-array" count="101">
              <param type="name"/>
            </accessor>
          </technique_common>
        </source>
        <sampler id="Iv_exp-Matrix-animation-transform">
          <input semantic="INPUT" source="#Iv_exp-Matrix-animation-input"/>
          <input semantic="OUTPUT" source="#Iv_exp-Matrix-animation-output-transform"/>
          <input semantic="INTERPOLATION" source="#Iv_exp-Interpolations"/>
        </sampler>
        <channel source="#Iv_exp-Matrix-animation-transform" target="Iv_exp/matrix"/>
      </animation>
    </animation>
  </library_animations>
  <library_lights>
    <light id="SceneAmbient-lib" name="SceneAmbientMesh">
      <technique_common>
        <ambient>
          <color>0.894118 0.894118 0.894118</color>
        </ambient>
      </technique_common>
    </light>
  </library_lights>
  <library_visual_scenes>
    <visual_scene id="RootNode" name="RootNode">
      <node id="Iv_exp" name="Iv_exp">
        <matrix sid="matrix">1.000000 0.000000 0.000000 -0.095550 0.000000 0.000000 1.000000 0.286650 0.000000 -1.000000 0.000000 0.001840 0.000000 0.000000 0.000000 1.000000</matrix>
        <instance_geometry url="#Iv_exp-lib">
          <bind_material>
            <technique_common>
              <instance_material symbol="Iv_exp_red" target="#Iv_exp_red"/>
            </technique_common>
          </bind_material>
        </instance_geometry>
      </node>
    </visual_scene>
  </library_visual_scenes>
  <scene>
    <instance_visual_scene url="#RootNode"/>
  </scene>
</COLLADA>

